0
1
1
2
3
5
8
13
21
34
55
89
144
233
377
610
987
1597
2584
4181
6765
10946
17711
28657
46368
75025
121393
196418
317811
514229
832040
1346269
2178309
3524578
5702887
9227465
14930352
24157817
39088169
63245986
102334155
165580141
267914296
433494437
701408733
1134903170
1836311903
18446744072385799393
512559680
18446744072898359073
18446744073410918753
18446744072599726210
18446744072301093347
1776683621
368225352
2144908973
18446744071927718645
363076002
18446744072290794647
18446744072653870649
1820529360
764848393
18446744071999962073
18446744072764810466
1640636603
695895453
18446744071751116376
18446744072447011829
1073992269
18446744073521004098
885444751
696897233
1582341984
18446744071693823537
18446744073276165521
1845853122
1412467027
18446744072672904469
375819880
18446744073048724349
18446744073424544229
18446744072763716962
18446744072478709575
2118290601
887448560
18446744072420323481
18446744073307772041
18446744072018543906
18446744071616764331
511172301
18446744072127936632
18446744072639108933
1642909629
572466946
